(1)²
[1m[31mTri(1, 2, 3)[0m + (1,2,3),(1,2,4),(1,2,5),(3,4,5)
[1m[31mTri(1, 2, 3)[0m + (1,4),(2,4),(1,2,5),(3,4,5)
[1m[31mTri(1, 2, 3)[0m + (1,4),(2,4),(1,3,4)
[1m[31mTri(1, 2, 3)[0m + (1,4),(2,4),(1,3,5),(2,4,5)
(1, 2)²,(1, 4)¹,(1, 2, 4)²
[1m[31mTri(1, 2, 3)[0m + (1,4),(1,2,4),(1,3,4)
[1m[31mTri(1, 2, 3)[0m + (1,4),(1,2,4),(1,4,5),(2,3,5)
[1m[31mTri(1, 2, 3)[0m + (1,4),(1,2,4),(1,3,5),(2,4,5)
[1m[31mTri(1, 2, 3)[0m + (1,4),(1,2,4),(2,3,4)
[1m[31mTri(1, 2, 3)[0m + (1,4),(1,2,4),(1,2,5),(3,4,5)
[1m[31mTri(1, 2, 3)[0m + (1,4),(1,2,5),(1,4,5),(3,4,5)
[1m[31mTri(1, 2, 3)[0m + (1,4),(1,4,5),(2,3,5),(2,4,5)
[1m[31mTri(1, 2, 3)[0m + (1,4),(1,4,5),(2,4,5),(3,4,5)
(1)²,(1, 3)¹
(1),(3),(1,3)
(1, 2)²,(1, 4)²,(1, 2, 4)¹
[1m[31mTri(1, 2, 3)[0m + (1, 4)²,(2, 3, 4)¹
[1m[31mTri(1, 2, 3)[0m + (1,2),(1,3)
(1, 2)²,(1, 4)¹,(1, 5)¹,(1, 4, 5)¹,(2, 4, 5)¹
[1m[31mTri(1, 2, 3)[0m + (1,4),(1,5),(2,4,5),(3,4,5)
(1, 2)¹,(1, 3)²,(2, 4)¹,(1, 2, 4)¹,(2, 3, 4)¹
[1m[31mTri(1, 3, 5)[0m + (1,2),(2,4),(2,3,4),(2,4,5)
[1m[33m3-Tri(1, 2, 3, 4)[0m + (1,2),(1,3),(2,4)
(1),(1,3),(1,5),(1,3,5),(3,4,5)
(1,2),(1,3),(1,5),(2,4),(1,2,4),(2,3,5),(3,4,5)
(1)¹,(1, 3)²,(1, 3, 4)¹
[1m[33m3-Tri(4, 1, 2, 3)[0m + (1,2),(1,3),(2,4)
(1, 2)²,(1, 3)¹,(2, 4)¹,(1, 3, 4)¹,(2, 3, 4)¹
(1,2),(1,3),(2,4),(3,4),(1,2,3),(1,2,4)
(1,2),(1,3),(2,4),(3,4),(1,2,5),(1,3,4),(3,4,5)
(1,2),(1,3),(2,4),(3,4),(1,2,4),(1,4,5),(2,3,5)
[1m[31mTri(1, 2, 3)[0m + (1,4),(2,4),(3,4)
(1)¹,(1, 3)²,(3, 4)¹
(1,2),(1,3),(1,5),(2,4),(3,4),(1,2,5),(3,4,5)
(1,2),(1,3),(2,4),(1,2,3),(1,2,4),(1,3,5),(2,4,5)
(1,2),(1,3),(2,4),(1,2,3),(1,2,4),(1,4,5),(2,3,5)
(1,2),(1,3),(2,4),(1,2,3),(1,2,4),(1,2,5),(3,4,5)
(1,2),(1,3),(2,4),(1,2,3),(1,2,5),(2,4,5),(3,4,5)
(1,2),(1,3),(2,4),(1,2,3),(1,4,5),(2,3,4),(2,3,5)
[1m[31mTri(1, 2, 3)[0m + (2,4),(3,5),(4,5),(1,4,5)
(1,2),(1,3),(2,4),(3,5),(4,5),(1,2,3),(1,4,5)
(2)²,(3, 5)¹
(1,2),(1,3),(2,4),(3,5),(4,5),(1,2,5),(1,3,4)
(1,2),(1,3),(2,4),(4,5),(1,2,3),(1,3,5),(1,4,5)
(1,2),(1,3),(2,4),(4,5),(1,2,3),(1,3,5),(3,4,5)
(2)²,(2, 3, 5)¹
(1,2),(1,3),(2,4),(4,5),(1,2,3),(1,4,5),(2,3,5)
(1,2),(1,3),(2,4),(4,5),(1,2,3),(1,4,5),(3,4,5)
(2),(1,2),(1,3),(1,2,3),(1,3,5)
(1,2),(1,3),(2,4),(1,2,3),(1,3,5),(1,4,5),(2,4,5)
(1,2),(1,3),(2,4),(1,2,3),(1,4,5),(2,3,5),(2,4,5)
(1,2),(1,3),(2,4),(1,3,5),(1,4,5),(2,3,5),(2,4,5)
(1,2),(1,3),(2,4),(1,2,3),(1,3,5),(2,4,5),(3,4,5)
(1,2),(1,3),(4,5),(1,2,4),(1,2,5),(1,3,4),(1,3,5)
(1,2),(1,3),(4,5),(1,2,4),(1,3,5),(2,4,5),(3,4,5)
(1,2),(1,3),(4,5),(1,2,4),(1,3,4),(1,3,5),(2,4,5)
(1,2),(1,3),(4,5),(1,2,4),(1,3,4),(2,3,5),(2,4,5)
(1,2),(1,3),(4,5),(1,2,4),(1,3,4),(2,4,5),(3,4,5)
(1, 2)¹,(1, 3)¹,(2, 4)²,(1, 3, 4)¹,(2, 3, 4)¹
(1,2),(1,3),(2,4),(4,5),(1,2,5),(1,3,4),(3,4,5)
(1,2),(1,3),(2,4),(4,5),(1,2,5),(1,3,4),(1,3,5)
(1,2),(1,3),(2,4),(4,5),(1,3,4),(2,3,5),(3,4,5)
(1,2),(1,3),(2,4),(4,5),(1,2,5),(1,3,5),(2,3,4)
(1,2),(1,3),(2,4),(4,5),(1,3,5),(2,3,4),(3,4,5)
(1,2),(1,3),(2,4),(4,5),(1,2,4),(1,3,5),(2,3,5)
(1,2),(1,3),(2,4),(1,2,3),(1,4,5),(2,4,5),(3,4,5)
(1,2),(1,3),(2,4),(1,2,3),(1,3,5),(2,3,4),(2,4,5)
(1,2),(1,3),(2,4),(1,2,4),(1,2,5),(1,3,4),(3,4,5)
