(1)²
(1)¹,(2)¹,(1, 2)¹
(1, 2)¹,(1, 3)¹,(1, 4)¹,(2, 3)¹,(2, 4)¹,(3, 4)¹
(1, 2)¹,(1, 3)¹,(2, 3)¹,(1, 2, 3)¹,(1, 2, 4)¹,(1, 2, 5)¹,(3, 4, 5)¹
(1, 2)¹,(1, 3)¹,(1, 4)¹,(2, 3)¹,(2, 4)¹,(1, 2, 5)¹,(3, 4, 5)¹
(1, 2)¹,(1, 3)¹,(1, 4)¹,(2, 3)¹,(2, 4)¹,(1, 3, 4)¹
(1, 2)¹,(1, 3)¹,(1, 4)¹,(2, 3)¹,(2, 4)¹,(1, 3, 5)¹,(2, 4, 5)¹
(1, 2)²,(1, 4)¹,(1, 2, 4)²
(1, 2)¹,(1, 3)¹,(1, 4)¹,(2, 3)¹,(1, 2, 4)¹,(1, 3, 4)¹
(1, 2)¹,(1, 3)¹,(1, 4)¹,(2, 3)¹,(1, 2, 4)¹,(1, 4, 5)¹,(2, 3, 5)¹
(1, 2)¹,(1, 3)¹,(1, 4)¹,(2, 3)¹,(1, 2, 4)¹,(1, 3, 5)¹,(2, 4, 5)¹
(1, 2)¹,(1, 3)¹,(1, 4)¹,(2, 3)¹,(1, 2, 4)¹,(2, 3, 4)¹
(1, 2)¹,(1, 3)¹,(1, 4)¹,(2, 3)¹,(1, 2, 4)¹,(1, 2, 5)¹,(3, 4, 5)¹
(1, 2)¹,(1, 3)¹,(1, 4)¹,(2, 3)¹,(1, 2, 5)¹,(1, 4, 5)¹,(3, 4, 5)¹
(1, 2)¹,(1, 3)¹,(1, 4)¹,(2, 3)¹,(1, 4, 5)¹,(2, 3, 5)¹,(2, 4, 5)¹
(1, 2)¹,(1, 3)¹,(1, 4)¹,(2, 3)¹,(1, 4, 5)¹,(2, 4, 5)¹,(3, 4, 5)¹
(1)²,(1, 3)¹
(1, 2)²,(1, 4)²,(1, 2, 4)¹
(1, 2)¹,(1, 3)¹,(1, 4)²,(2, 3)¹,(2, 3, 4)¹
(1, 2)²,(1, 3)²,(2, 3)¹
(1, 2)²,(1, 4)¹,(1, 5)¹,(1, 4, 5)¹,(2, 4, 5)¹
(1, 2)¹,(1, 3)¹,(1, 4)¹,(1, 5)¹,(2, 3)¹,(2, 4, 5)¹,(3, 4, 5)¹
(1, 2)¹,(1, 3)²,(2, 4)¹,(1, 2, 4)¹,(2, 3, 4)¹
(1, 2)¹,(1, 3)¹,(1, 5)¹,(2, 4)¹,(3, 5)¹,(2, 3, 4)¹,(2, 4, 5)¹
(1, 2)¹,(1, 3)¹,(2, 4)¹,(1, 2, 3)¹,(1, 2, 4)¹,(1, 3, 4)¹
(1)¹,(1, 3)¹,(1, 5)¹,(1, 3, 5)¹,(3, 4, 5)¹
(1, 2)¹,(1, 3)¹,(1, 5)¹,(2, 4)¹,(1, 2, 4)¹,(2, 3, 5)¹,(3, 4, 5)¹
(1)¹,(1, 3)²,(1, 3, 4)¹
(1, 2)¹,(1, 3)¹,(2, 4)¹,(1, 2, 4)¹,(2, 3, 4)¹,(1, 3, 4)¹
(1, 2)²,(1, 3)¹,(2, 4)¹,(1, 3, 4)¹,(2, 3, 4)¹
(1, 2)¹,(1, 3)¹,(2, 4)¹,(3, 4)¹,(1, 2, 3)¹,(1, 2, 4)¹
(1, 2)¹,(1, 3)¹,(2, 4)¹,(3, 4)¹,(1, 2, 5)¹,(1, 3, 4)¹,(3, 4, 5)¹
(1, 2)¹,(1, 3)¹,(2, 4)¹,(3, 4)¹,(1, 2, 4)¹,(1, 4, 5)¹,(2, 3, 5)¹
(1)¹,(1, 3)²,(3, 4)¹
(1, 2)¹,(1, 3)¹,(1, 5)¹,(2, 4)¹,(3, 4)¹,(1, 2, 5)¹,(3, 4, 5)¹
(1, 2)¹,(1, 3)¹,(2, 4)¹,(1, 2, 3)¹,(1, 2, 4)¹,(1, 3, 5)¹,(2, 4, 5)¹
(1, 2)¹,(1, 3)¹,(2, 4)¹,(1, 2, 3)¹,(1, 2, 4)¹,(1, 4, 5)¹,(2, 3, 5)¹
(1, 2)¹,(1, 3)¹,(2, 4)¹,(1, 2, 3)¹,(1, 2, 4)¹,(1, 2, 5)¹,(3, 4, 5)¹
(1, 2)¹,(1, 3)¹,(2, 4)¹,(1, 2, 3)¹,(1, 2, 5)¹,(2, 4, 5)¹,(3, 4, 5)¹
(1, 2)¹,(1, 3)¹,(2, 4)¹,(1, 2, 3)¹,(1, 4, 5)¹,(2, 3, 4)¹,(2, 3, 5)¹
(1, 2)¹,(1, 3)¹,(2, 3)¹,(2, 4)¹,(3, 5)¹,(4, 5)¹,(1, 4, 5)¹
(1, 2)¹,(1, 3)¹,(2, 4)¹,(3, 5)¹,(4, 5)¹,(1, 2, 3)¹,(1, 4, 5)¹
(2)²,(3, 5)¹
(1, 2)¹,(1, 3)¹,(2, 4)¹,(3, 5)¹,(4, 5)¹,(1, 2, 5)¹,(1, 3, 4)¹
(1, 2)¹,(1, 3)¹,(2, 4)¹,(4, 5)¹,(1, 2, 3)¹,(1, 3, 5)¹,(1, 4, 5)¹
(1, 2)¹,(1, 3)¹,(2, 4)¹,(4, 5)¹,(1, 2, 3)¹,(1, 3, 5)¹,(3, 4, 5)¹
(2)²,(2, 3, 5)¹
(1, 2)¹,(1, 3)¹,(2, 4)¹,(4, 5)¹,(1, 2, 3)¹,(1, 4, 5)¹,(2, 3, 5)¹
(1, 2)¹,(1, 3)¹,(2, 4)¹,(4, 5)¹,(1, 2, 3)¹,(1, 4, 5)¹,(3, 4, 5)¹
(2)¹,(1, 2)¹,(1, 3)¹,(1, 2, 3)¹,(1, 3, 5)¹
(1, 2)¹,(1, 3)¹,(2, 4)¹,(1, 2, 3)¹,(1, 3, 5)¹,(1, 4, 5)¹,(2, 4, 5)¹
(1, 2)¹,(1, 3)¹,(2, 4)¹,(1, 2, 3)¹,(1, 4, 5)¹,(2, 3, 5)¹,(2, 4, 5)¹
(1, 2)¹,(1, 3)¹,(2, 4)¹,(1, 3, 5)¹,(1, 4, 5)¹,(2, 3, 5)¹,(2, 4, 5)¹
(1, 2)¹,(1, 3)¹,(2, 4)¹,(1, 2, 3)¹,(1, 3, 5)¹,(2, 4, 5)¹,(3, 4, 5)¹
(1, 2)¹,(1, 3)¹,(4, 5)¹,(1, 2, 4)¹,(1, 2, 5)¹,(1, 3, 4)¹,(1, 3, 5)¹
(1, 2)¹,(1, 3)¹,(4, 5)¹,(1, 2, 4)¹,(1, 3, 5)¹,(2, 4, 5)¹,(3, 4, 5)¹
(1, 2)¹,(1, 3)¹,(4, 5)¹,(1, 2, 4)¹,(1, 3, 4)¹,(1, 3, 5)¹,(2, 4, 5)¹
(1, 2)¹,(1, 3)¹,(4, 5)¹,(1, 2, 4)¹,(1, 3, 4)¹,(2, 3, 5)¹,(2, 4, 5)¹
(1, 2)¹,(1, 3)¹,(4, 5)¹,(1, 2, 4)¹,(1, 3, 4)¹,(2, 4, 5)¹,(3, 4, 5)¹
(1, 2)¹,(1, 3)¹,(2, 4)²,(1, 3, 4)¹,(2, 3, 4)¹
(1, 2)¹,(1, 3)¹,(2, 4)¹,(4, 5)¹,(1, 2, 5)¹,(1, 3, 4)¹,(3, 4, 5)¹
(1, 2)¹,(1, 3)¹,(2, 4)¹,(4, 5)¹,(1, 2, 5)¹,(1, 3, 4)¹,(1, 3, 5)¹
(1, 2)¹,(1, 3)¹,(2, 4)¹,(4, 5)¹,(1, 3, 4)¹,(2, 3, 5)¹,(3, 4, 5)¹
(1, 2)¹,(1, 3)¹,(2, 4)¹,(4, 5)¹,(1, 2, 5)¹,(1, 3, 5)¹,(2, 3, 4)¹
(1, 2)¹,(1, 3)¹,(2, 4)¹,(4, 5)¹,(1, 3, 5)¹,(2, 3, 4)¹,(3, 4, 5)¹
(1, 2)¹,(1, 3)¹,(2, 4)¹,(4, 5)¹,(1, 2, 4)¹,(1, 3, 5)¹,(2, 3, 5)¹
(1, 2)¹,(1, 3)¹,(2, 4)¹,(1, 2, 3)¹,(1, 4, 5)¹,(2, 4, 5)¹,(3, 4, 5)¹
(1, 2)¹,(1, 3)¹,(2, 4)¹,(1, 2, 3)¹,(1, 3, 5)¹,(2, 3, 4)¹,(2, 4, 5)¹
(1, 2)¹,(1, 3)¹,(2, 4)¹,(1, 2, 4)¹,(1, 2, 5)¹,(1, 3, 4)¹,(3, 4, 5)¹
